k-th
0 843 958 977 1025
symbol
0
in
0 8 22 23 25 28 57 58 65 76 94 100 103 113 127 136 140 141 153 166 178 188 191 193 195 207 229 232 244 253 297 310 347 359 369 382 387 390 422 434 441 443 444 465 498 513 525 537 555 557 564 570 586 599 606 614 618 623 650 662 673 685 693 703 705 708 739 752 758 763 785 799 806 816 836 838 842 874 888 898 954 955 962 968 975 987 1015 1017 1025 1033 1054 1059 1062 1066 1070 1076 1085
grammar
0
sum
1 5 13 124 133 150 158 188 208 230 233 242 250 254 269 270 271 279 308 366 406 416 424 425 455 460 471 485 497 516 517 520 522 523 527 529 588 602 603 615 630 634 638 668 682 710 719 733 770 801 841 887 891 899 912 924 925 928 930 947 949 952 982 985 1008 1039 1041 1048 1052 1068
of
1 13 16 39 42 44 45 47 49 51 61 66 75 76 78 81 87 95 95 102 104 107 121 122 123 133 145 151 152 155 159 185 188 193 194 195 198 200 200 201 207 236 238 242 251 264 269 270 272 279 294 297 311 323 332 338 349 353 355 358 366 373 377 379 393 402 403 407 411 413 413 415 416 435 436 445 450 451 452 462 464 467 477 479 485 492 498 499 501 505 506 507 510 517 520 522 523 526 528 529 533 533 547 555 556 568 570 572 580 582 587 605 625 627 630 644 648 649 655 658 672 682 686 687 691 695 713 719 724 728 733 748 753 768 770 777 785 785 795 801 802 804 811 814 826 828 837 841 851 854 864 871 882 897 905 912 920 924 947 947 948 950 952 958 958 962 968 972 988 989 996 1001 1002 1015 1034 1041 1047 1047 1047 1048 1062 1065 1071 1079 1086
two
1 45 46 76 81 152 203 231 234 250 255 277 406 409 425 435 463 510 522 565 574 587 623 695 875 905 912 948 978 1047 1052
integers
1 313 484 574 634 912 1053
partition
2 14 74 233 460 588 887
labels
2 226
minimum
3 27 39 49 62 68 78 79 81 82 84 92 101 115 121 123 144 147 155 164 224 230 237 238 281 302 305 323 382 393 397 411 424 425 448 463 471 477 490 511 537 542 549 569 587 601 607 627 650 654 655 658 704 729 743 752 838 890 897 901 916 926 950 972 995 1000 1004 1008 1017 1024 1041 1068 1086
adjacent
3 93 144 465 763 954 1061
swaps
3 62 144 164 822
for
3 26 27 110 112 375 414 425 507 569 616 781 861 887 941 1034 1044
k
3 97 144 157 186 233 269 279 313 383 533 599 658 691 693 718 722 800 853 860 876 986 1041 1046 1049 1057 1062
consecutive
3 218 396 418 492 658 714 812 823 839 847 891 939 1028 1062 1075
ones
3 218 283 734 823 1036
long
4
pressed
4
name
4
constrained
5
subsequence
5 9 17 20 64 122 224 532 572 590 696 754 768 894 1017
get
6 16 77 275 291 391 728 1068
equal
6 27 45 62 82 92 177 180 233 237 360 448 460 507 533 552 588 630 1037 1047
substrings
6 289 300 373 377 407 436 635 850 1054
within
6 845 986
budget
6
24
7
game
7 30 88 98 135 149 154 202 256 295 311 348 352 423 451 560 591 750 751 779 863 997 1074
print
8 91 314 431 893
order
8 36 94 364 453 551 662 826 898 1017 1025 1026
wiggle
9 834
defanging
10
an
10 12 58 76 291 311 499 586 609 625 727 737 739 862 915 947 1059 1066
ip
10 176 647
address
10 647
rotate
11 261 282 362 773
function
11 39 506 686
shuffle
12 600
array
12 19 39 58 65 73 74 76 82 92 93 123 133 159 160 167 188 193 229 250 258 273 279 311 333 334 337 338 370 378 382 422 448 489 490 499 502 505 516 550 576 584 586 588 609 625 629 650 683 727 728 758 773 816 852 857 862 876 887 890 911 940 972 975 1028 1051 1059 1062 1066 1073
count
13 29 45 90 141 165 194 207 227 274 283 300 350 380 408 476 534 582 651 667 739 852 920 1030 1036
range
13 509 615 656 682 739 841 899 925 1079 1081
list
14 24 69 86 162 191 248 261 296 303 317 339 340 346 363 387 399 417 427 434 443 514 605 673 703 725 807 885 891 904 1072
form
15 45 123 355
largest
15 58 226 247 312 355 390 466 516 545 580 594 595 606 616 825 838 889 919 937
integer
15 47 85 144 210 268 291 318 354 434 566 735 829 912 941 947 1046 1065
with
15 23 42 44 59 84 150 168 185 186 208 249 270 272 283 288 289 292 309 313 351 360 373 399 408 413 438 464 512 517 520 545 547 552 553 571 588 609 630 642 653 676 708 712 714 718 733 811 822 852 854 862 865 869 870 873 924 979 996 1015 1036 1043 1060 1061
digits
15 70 97 144 272 299 408 438 486 613 616 786 819 947
that
15 34 45 90 286 355 719
add
15 47 234 345 397 419 565 613 715 961 1031
up
15 634
to
15 35 39 47 49 49 55 62 66 66 68 78 79 81 82 84 87 87 92 104 107 123 125 133 151 155 164 167 167 195 210 224 233 236 237 237 238 248 268 273 288 289 297 297 304 305 305 318 328 344 360 370 392 397 402 434 448 454 463 477 477 480 490 497 502 506 511 533 537 542 549 552 556 566 587 601 612 619 627 630 634 640 655 680 698 701 719 728 728 746 747 770 774 778 782 788 794 800 814 827 829 839 845 852 857 871 884 890 897 901 904 911 912 916 916 926 940 955 961 972 995 995 1004 1024 1033 1039 1047 1058 1060 1068 1069
target
15 39 55 84 123 133 158 305 506 520 719 733 994
maximum
16 32 48 76 95 132 161 177 192 199 208 217 232 251 275 358 366 369 379 391 403 407 412 415 432 478 507 510 512 520 522 523 528 530 547 555 598 610 626 630 635 653 666 681 697 795 801 802 818 854 862 876 877 887 928 949 952 982 989 990 996 1020 1035
number
16 32 44 48 49 57 66 66 78 87 95 104 107 122 123 151 155 168 185 195 200 205 215 217 222 236 238 257 264 270 272 294 297 297 332 349 353 355 358 373 377 402 404 407 413 415 434 442 445 464 467 477 479 507 508 520 526 533 547 555 556 568 570 580 582 587 596 627 640 649 658 671 687 688 713 719 728 733 738 777 791 805 814 828 833 851 871 882 897 900 919 920 932 950 959 962 965 969 970 972 1015 1034 1041 1047 1047 1050 1058 1071 1086
coins
16 429 685
you
16 209 275 291 530 876
can
16 34 43 45 209 275 286 291 355 367 496 530 599 876 895
increasing
17 94 122 244 576 696 819 884 894
triplet
17
plus
18 889
one
18 208 297 553 655 713
decode
19 446 608 723
xored
19 446
arithmetic
20 64 496 689 768 1021
slices
20 689
ii
20 21 24 50 100 135 137 138 147 156 250 293 295 308 325 344 346 371 374 378 404 435 448 457 465 469 491 500 509 515 551 558 563 565 579 621 624 629 641 650 678 725 740 741 747 757 788 796 812 834 835 848 892 900 910 923 931 959 975 985 999 1008 1022 1035 1064 1078
-
20 250 615 899 921 925 1052
beautiful
21 489
arrangement
21
critical
22
connections
22
a
22 23 49 59 61 66 68 73 95 105 113 123 127 132 140 145 151 153 164 166 185 188 191 198 200 219 224 232 237 244 245 253 276 287 297 305 323 336 351 359 377 387 402 414 434 450 452 462 463 478 479 498 505 506 506 525 537 549 555 570 571 596 606 614 618 630 640 644 673 693 708 726 752 762 785 785 790 799 801 802 807 814 817 826 828 836 837 842 863 869 883 895 901 911 924 931 941 943 968 979 996 1032 1052 1070 1084
network
22 126 556
shortest
23 116 167 475 540 554 742 1043 1085
path
23 28 244 424 455 468 470 471 512 603 653 706 771 982 985 1008 1043 1085
grid
23 103 164 183 531 660 871
obstacles
23
elimination
23 149
linked
24 136 162 191 296 303 339 340 346 387 427 434 443 703 807 891 904 905 1072
cycle
24 1072
robot
25 746
bounded
25 547
circle
25 127 744
replace
26 839 870
the
26 34 44 51 93 102 104 112 117 185 185 192 195 225 311 327 330 355 372 377 380 391 466 498 498 521 567 575 582 584 590 597 673 690 693 698 698 726 730 742 824 833 846 869 876 912 918 924 940 947 958 976 995 1002 1012 1015 1015 1033 1038 1041
substring
26 42 95 110 118 142 249 367 385 426 432 654 718 898 1045
balanced
26 319 542 799
string
26 31 67 72 113 132 151 153 210 240 249 253 277 282 289 368 372 377 411 444 452 458 459 465 473 474 498 542 549 566 570 571 599 600 608 621 657 666 763 798 799 814 822 824 849 880 884 895 895 896 901 913 922 954 958 996 1054 1063 1066
domino
27 60 353
rotations
27 84
row
27 767 873
zigzag
28 36 280 857
labelled
28
binary
28 30 36 38 53 119 140 141 145 150 164 168 189 197 213 248 251 265 273 287 289 297 300 314 319 359 393 394 403 434 444 453 454 462 473 477 492 493 518 538 548 551 564 623 631 641 644 646 665 666 681 685 711 752 762 770 790 801 820 826 837 859 904 914 956 962 982 989 1031 1035 1039 1070 1076 1082 1085
tree
28 30 36 53 71 119 141 145 189 197 213 223 248 251 265 273 287 314 319 359 364 393 394 402 403 453 454 462 518 534 537 538 548 551 564 607 644 646 665 681 685 711 752 762 801 826 837 859 904 914 956 982 989 1003 1032 1035 1039 1039 1070
different
29 87 313 961
palindromic
29 142 216
subsequences
29 216 526 872 910 1028 1080
coloring
30 105
compression
31 621
create
32
grumpy
33
bookstore
33
owner
33
queens
34
attack
34
king
34
stickers
35
spell
35
word
35 116 128 138 321 461 463 491 503 528 563 672 749 806 809 844
level
36 364 453 551 801
traversal
36 119 197 213 364 453 454 518 551 665 826 859 1032
perfect
37 106 410
rectangle
37 147 269 302 390 675 690 744 832 869
flip
38 454 507 884
equivalent
38 277 353 458
trees
38 623 641 704 861 1082
numbers
39 76 89 194 234 266 272 408 418 438 485 492 497 541 565 586 714 739 770 875 1018 1037 1041 1047 1062 1067 1079 1086
calls
39 687
make
39 62 92 125 167 224 237 344 367 392 397 490 496 542 549 556 576 587 601 710 788 803 824 827 852 857 890 911 926 972
super
40 205 212
pow
40
wildcard
41
matching
41 148 526 966 1066
concatenation
42 492
all
42 55 61 153 283 465 511 537 586 619 623 667 680 839 897 954 957 958 1000 1027 1036 1048 1049 1059
words
42 91 161 179 253 268 286 419 933 1034 1057
i
43 111 112 214 577 628 656 659 769 783
win
43
kids
44
greatest
44 201 271 870
candies
44 275 480
triplets
45 476
arrays
45 152 277 435 695 882
xor
45 76 450 594 862
city
46 185 389
scheduling
46 369
array-form
47
third
48
taps
49
open
49 567
water
49 131 371 398 421 513 865 1014
garden
49
immediate
50
food
50 968
delivery
50
day
51 1002
week
51
valid
52 99 106 108 187 309 375 397 466 474 503 510 543 683 692 699 848 926 970 1034 1067
parentheses
52 187 397 436 510 604 736 901 926 927 961
right
53 100 870 879 888
side
53 630 870
view
53
delete
54 59 125 344 387 392 420 425 645 842 921 1083
duplicate
54 341 487 488 633 740 833 980 1045 1077
emails
54 1077
paths
55 143 374 449 464 648 914 955
from
55 69 93 210 213 226 275 291 299 328 357 367 378 459 496 530 550 605 607 635 665 725 780 859 862 891 943 1012 1032
source
55
russian
56
doll
56
envelopes
56
kth
57 58 444 594 606 614 836 924 1050
smallest
57 102 185 186 458 459 509 571 572 614 642 656 679 726 822 831 836 838 843 924 977 994 1025 1046
multiplication
57
table
57 581 618 968
element
58 65 173 193 229 384 579 606 614 717 783 836 862 870 874
leaves
59 501 527 529
given
59 219 479 571 616 698 726 768 941 1018
value
59 502 506 571 594 795 838 990 1068
and
60 193 206 213 227 235 288 326 419 420 421 437 504 533 552 592 611 645 661 665 701 711 734 744 747 755 774 789 794 813 838 856 866 944 947 1019 1020 1060 1078 1079
tromino
60
tiling
60 869
last
61 193 672 678 732 898 1033
moment
61
before
61
ants
61
fall
61 575
out
61
plank
61
strings
62 102 172 201 203 243 345 425 510 582 587 799 958
lru
63
cache
63 881
longest
64 110 118 122 142 175 187 244 315 360 376 426 532 632 696 706 718 768 771 806 849 894 913 917 964 1045 1075
n-repeated
65
size
65 230 231 247 533 686 698 864 940
2n
65
steps
66 195 297 549 587
reduce
66 297 916 940
zero
66 477 552 634 891 893 916
repeated
67 110 211 379 385 438 691
match
67 454 922
cost
68 79 81 181 569 607 619 995
cut
68 285 861
stick
68
remove
69 97 107 173 216 339 378 465 487 550 604 605 707 725 891 926 927 954 971 1012
duplicates
69 378 465 550 725 921 954 1059
sorted
69 125 152 167 188 193 229 248 250 258 273 344 378 382 383 392 505 550 650 725 788 816 827 836 841 924 975 978
rotated
70 382 650 816 975
construct
71 213 466 665 690 859
quad
71
magical
72
check
73 206 249 277 503 644 895 1049 1084
if
73 203 206 249 277 368 503 895 1049 1084
it
73 1084
is
73 249 250 503 754 942 1041 1047 1052 1084
good
73 141 165 476 649 679 814 851
into
74 287 370 377 588 761 1028 1086
disjoint
74 1007
intervals
74 381 593 971 1007
stream
75 357 606 737 1007
characters
75 118 263 286 331 572 655 718 789 839 847 996
watched
77
videos
77
by
77 102 129 157 161 163 247 271 285 286 326 331 337 629 697 710 786 811 820 878 1046 1068
your
77 209 209
friends
77 350
arrows
78
burst
78 284
balloons
78 284 358
merge
79 136 258 383 593 906 978
stones
79 661 812 873 939
3sum
80 712 981
closest
80 133 506 722 800
connect
81 619
groups
81 163
points
81 336 530 619 709 800 1000
moves
82 84 305 448 599 838 890
elements
82 242 339 448 623 722 853 857 870 1070
prison
83
cells
83 662 708
after
83 132 144 194 195 279 411 485 503 666 670 760
n
83 206 238 289 634 871 958 1018
days
83 112 238 627 845
reach
84 596 897 1004
replacement
85 917
reorder
86 557 728
ways
87 151 195 200 370 402 723 728 814 852 871 911 961 1047
wear
87
hats
87
each
87 100 104 436 878 888 1034
other
87
jump
88 98 135 252 423 751 867 1074
lexicographical
89 898 958 1025
servers
90
communicate
90
vertically
91
operations
92 224 249 556 609 670 916
restore
93 176 584
pairs
93 159 186 310 353 585 649 668 777 787 811 851
reveal
94
cards
94 530 785
occurrences
95 264 760
car
96
pooling
96
iv
98 184 348 638 731 794 1052
boomerang
99
populating
100 888
next
100 674 703 783 888
pointers
100 888
node
100 340 387 605 703 752 842 888 1020
distance
101 185 241 326 447 463 559 583 662 670 977
between
101 136 179 198 241 409 436 838 1020
bst
101 614 682 728 755 842 1052
nodes
101 141 191 310 517 534 645 649 891 897 955 987 1015
compare
102 266
frequency
102 177 331 405 844
character
102 110 113 917
detect
103 691
cycles
103
2d
103 245 531 925 931
employees
104 577 639 680
which
104
report
104
employee
104 320 878
border
105
square
106 298 355 612 630 937 1036 1047
max
107 218 269 291 336 377 464 777 788 823 827 988
edges
107
keep
107
graph
107 815 942
fully
107
traversable
107
palindrome
108 184 276 303 322 367 376 475 549 595 745 787 835 848 964 969
permutations
109 375 796
swap
110 310 553 626 670 763
my
111 868 1022
calendar
111 868 1022
user
112
activity
112
past
112
30
112
first
113 193 495 498 536
unique
113 143 242 264 374 377 408 449 490 634 641 983 996 1054 1082
simplified
114
fractions
114
genetic
115
mutation
115
completing
116
defuse
117
bomb
117
without
118 1063
repeating
118 432 484 718 839 917
postorder
119 665
asteroid
120
collision
120
score
121 132 161 391 464 635 642
triangulation
121
polygon
121
increments
123
on
123 144 209 336 478 863 870 979
subarrays
123 150 313 366 370 520 522 547 920 1048
matrix
124 140 232 244 245 254 477 477 521 573 620 624 662 693 702 708 716 790 836 924 931 1085
diagonal
124 307 469
columns
125 344 392 507
iii
125 134 143 218 221 322 352 423 508 602 603 633 701 805 868 1013
delay
126
time
126 288 479 511 537 601 616 680 701 724 747 756 774 786 794 878 963 1000 1060
generate
127 736
random
127 340 347 399 676 945
point
127 347
search
128 145 190 245 248 273 287 359 359 394 419 491 504 548 578 623 631 641 646 762 816 859 931 975 1039 1082
queue
129 929 1016
reconstruction
129
height
129 697 704 830
strong
130
password
130
checker
130 830
pacific
131
atlantic
131
flow
131
splitting
132
mutated
133
product
134 219 232 292 338 412 528 595 628 852 854 860 947 989 1047
sales
134 221 628
analysis
134 214 221 628
lists
136 383 905 978
basic
137 239 731
calculator
137 239 361 731
break
138 276 354 461 895
building
139 386
boxes
139 275 328
special
140 473
positions
140
possible
144 667 780
at
144 185 219 231 479 580 718 1018 1019 1049
most
144 166 590 865 873 1018
lowest
145 462 501
common
145 175 201 247 263 462 501 532 554
ancestor
145 462 501 1020
climbing
146 181
stairs
146 181
area
147 302 675 988
camelcase
148
split
151 370 377 443 516 799 814 1028
median
152 357 622
find
153 185 186 193 246 263 272 286 309 311 330 357 382 426 444 488 498 506 511 586 590 594 634 650 717 722 726 742 758 833 846 863 864 876 878 879 924 941 977 994 1030 1038 1041 1059 1070
anagrams
153 481
stone
154 295 348 352 678 732 750 997
vi
154 751
people
155 480 698
teach
155
house
156 439 1013
robber
156 439 1013
subarray
157 167 208 230 360 379 412 416 450 502 598 632 841 854 860 874 949 952
sums
157 186 841
divisible
157 271 710 811 820 825 1046
doubled
159
patching
160
formed
161 286
letters
161 301 487
reverse
162 253 301 346 436 452 502 585 735 840 880 974 987
sort
163 228 249 331 337 363 417 521 629 727 798 834 1073
items
163
respecting
163
dependencies
163
arrange
164
meals
165
visited
166 803
sector
166
circular
166 334 949 1076
track
166
be
167 286
removed
167 873
alternating
168 1043
bits
168 294 840 936 962
min
169 181 619
stack
169 196 428 609
department
170 581 669
highest
170 290 642 721 846
salary
170 290 721
implement
171 428 519 907 929
rand10()
171
using
171 428 463 929
rand7()
171
isomorphic
172
goal
174
parser
174 684 784
interpretation
174
prefix
175 504 820
addresses
176 983
knight
178 637
probability
178 653 663
chessboard
178 304
rearrange
179
spaces
179
three
180 271 370 396 588 655 669 748 838 1019
parts
180 443 588
parse
182
lisp
182
expression
182 715 795 817 966
maximize
183 279 502
happiness
183
partitioning
184 322 745 835 1086
neighbors
185
threshold
185 533 630 726
absolute
188 360 743 771 795 952
differences
188 714
invert
189
insert
190 287 921 953 1083
position
190 193 414 995
swapping
191
detonate
192
bombs
192
smaller
194
self
194 338 541 561
stay
195
same
195 292 714 728 873 995 1003 1015
place
195
some
195
validate
196 394 647
sequences
196 211
inorder
197 213 665
angle
198
hands
198 1040
clock
198
gap
199
cutting
200
pizza
200
divisor
201 560 726
nim
202
determine
203 368
are
203 277 368 1049
close
203
falling
204 424 1008
squares
204 410 505 869
ugly
205 257 805 900
its
206
double
206
exist
206
matches
207
tournament
207
deletion
208
eat
209 236 238
favorite
209 209
candy
209 967
day?
209
decrypt
210
alphabet
210 468
mapping
210
dna
211
palindromes
212
preorder
213 454 518 837 859 1032
market
214
missing
215 536 1050
69
217
price
219 326 401
date
219 259
factorial
220 686 1011
trailing
220
zeroes
220 573 652 686 734
happy
222 913 958
symmetric
223
cracking
225
safe
225
values
226 607 708
say
227
colors
228 1043
appearing
229
more
229 639 691
than
229 269 360 533 630 639 860 994
25%
229
set
231 573 962 1018
intersection
231 435 695 905
least
231 580 718 1019 1049 1058
non
232
negative
232
subsets
233 558 636 749
trips
235
users
235 309
students
236 479 813 877
unable
236
lunch
236
flips
237 281 477 658
or
237 360 404 533 630 691 738 873 1063
b
237
c
237
oranges
238 267
scramble
240
bus
241 1033
stops
241 986
multiply
243
pivot
246
index
246 498 945
component
247
factor
247
convert
248 273 434 477 599 640 782 912
transformable
249
input
250 1052
depth
251 393 510
odd
252 270 296 708 739 893 1048
even
252 272 296 485 893
block
254
combine
255
tables
255
dungeon
256
reformat
259 372 581 671
reducing
260
dishes
260
contain
262
virus
262
complete
265 534
inserter
265
version
266 495
rotting
267
english
268 299
no
269 413 1061
larger
269
sub-arrays
270 533
primes
274
video
278
stitching
278
negations
279
conversion
280
suffix
281 504
submatrices
283 719 1036
regions
285 764
slashes
285
best
288 335 414 701 747 774 794 1060
buy
288 701 747 774 794 1060
sell
288 701 747 774 794 1060
stock
288 365 701 747 774 794 1060
transaction
288
fee
288
representing
289
1
289 294
second
290 752
difference
291 330 743 768 838 1020
changing
291
tuple
292
n-queens
293 808
representation
297 962 1076
maximal
298 832
reconstruct
299 402 790 908
original
299
only
301 373
transform
304 499
move
305 652 995
box
305 555
their
305 639
location
305
restaurant
306 968
growth
306
traverse
307 469
combination
308 602 638 781 930
e-mails
309
winner
311 730 863
perimeter
312 546
triangle
312 544 776 999
well-performing
315
interval
315 317 739 879 953
rank
316 499
scores
316
intersections
317
roman
318 829
importance
320
pattern
321 385 691 984
difficulty
323
job
323 369
schedule
323 902 923
text
324
justification
324
bank
325 705
account
325
summary
325 1055
filter
326
restaurants
326
vegan-friendly,
326
dining
327
philosophers
327
delivering
328
storage
328
ports
328
fizz
329 793
buzz
329 793
multithreaded
329
music
332
playlists
332
snapshot
333
loop
334
sightseeing
335
pair
335 436 977
line
336 855 1084
parity
337 629
except
338
contains
341 633 740
4sum
342 741
rising
343 513
temperature
343
non-overlapping
347 366 381 407 520 522
rectangles
347 355
closed
349
islands
349 568
unhappy
350
patients
351
condition
351
permutation
356 446 523 553 651 674 979 993 1076
sequence
356 375 466 496 918 1075
data
357 419 557 1007 1027
continuous
360 894
diff
360
less
360 630 860
limit
360
broken
361
image
362 430
insertion
363 549
n-ary
364
online
365 874 1005
span
365
3
366 871
halves
368
alike
368
profit
369 802
trapping
371 1014
rain
371 1014
1s
373
di
375 922
length
379 411 630 648 672 691 854 958 996 1048 1049
repetitions
380
majority
384 579 874
h2o
386
champagne
388
tower
388
destination
389
histogram
390
design
395 419 427 737 886 934 1010 1016
twitter
395
odds
396
bottles
398
copy
399
pointer
399
dinner
400
plate
400
stacks
400 929
average
401 533 724 756
selling
401
width
403 610
guess
404 738
higher
404 738
lower
404 738 1069
tweet
405
counts
405
per
405 724
magnetic
409
force
409
balls
409 555
deleting
411
similar
411
ends
411
burgers
413
waste
413
ingredients
413
service
414
centre
414
eaten
415
apples
415 537
minimums
416
structure
419 1027
earn
420
jug
421
problem
421 597
minimize
422 670 792 1064
deviation
422
ascii
425
awesome
426
queues
428
arranging
429
smoother
430
foobar
431
alternately
431
sqrt(x)
433
snakes
437
ladders
437
heaters
440
rabbits
441
forest
441 645
additive
442
bit
444 658
nth
444 605 721 1056
boomerangs
445
total
447 811 878
hamming
447 583 670
queries
450 485 866 979
life
451
vowels
452 651
license
456
key
456 979
formatting
456
h-index
457 472
lexicographically
458 466
starting
459
leaf
459 497 607 649 770 955
subset
460 825
type
463
fingers
463
enclaves
467
board
468 525
simplify
470
parenthesis
474
units
478
truck
478
doing
479
homework
479
distribute
480 484 685
group
481 698 698 864
tallest
482
billboard
482
gas
483
station
483
sequential
486
subtrees
488
increment
490
watch
493
coin
494
change
494 655 666
bad
495
progression
496
root
497 770 955
occurrence
498
bulb
500 909
switcher
500 909
deepest
501 527
substitutions
503
mysterious
506
rows
507 693 924
single
508 932 959
nesting
510
finish
511 1024
jobs
511
gold
512
swim
513
flatten
514 807 904
nested
514
iterator
514 548 765 781
brace
515
expansion
515
even-valued
517
grandparent
517
magic
519
dictionary
519 806 915
equals
520
diagonally
521
obtained
523
any
523 803 952
top
524 669 853 1057
travellers
524
battleships
525
lengths
528
left
529
obtain
530
shift
531
greater
533 703 783 994 1039
prime
535 843 962
arrangements
535
positive
536 854 941 1050 1068
collect
537
cameras
538
poor
539
pigs
539
bridge
540
dividing
541
deletions
542
sudoku
543 858
submatrix
545
rearrangements
545
island
546 627 988
triples
552
bitwise
552 1079
previous
553
supersequence
554
connected
556
log
557 960
files
557
edit
559
crossing
561
transpose
562
file
562 771
ladder
563 809
cousins
564
(atoi)
566
lock
567
tickets
569
segments
570
numeric
571
distinct
572 850 872 910
divide
574 1062
where
575 876 1047
will
575
ball
575
strictly
576
project
577
suggestions
578
system
578
twice
580
others
580
consistent
582
disappeared
586
anagram
587 699
flood
589
fill
589
competitive
590
zuma
591
global
592
local
592
inversions
592
coordinate
594
skyline
597
rope
601
colorful
601
outermost
604
end
605
build
609 876
ramp
610
daily
611 1023
leads
611
partners
611
matchsticks
612
query
615 899 925
immutable
615 925
combinations
617 828
fix
618
names
618
pyramid
620
transition
620
sliding
622 818 1009
window
622 654 818
spiral
624 702
degree
625
disconnect
627
turbulent
632
removing
635
dialer
637
earning
639
managers
639
hexadecimal
640
rotation
642
movie
643
rating
643
completeness
644
return
645 746
recover
646 1032
checking
648
existence
648
edge
648
limited
648
satisfy
655
conditions
655
interleaving
657
monthly
659
transactions
659 803 1042
illumination
660
jewels
661
airplane
663
seat
663
assignment
663
corporate
664
flight
664
bookings
664
routes
667
map
668
salaries
669
phone
671 828 1067
products
673 957
ordered
673 737
period
673
pick
676 945
blacklist
676
filling
677
bookcase
677
shelves
677
weight
678 732
base
679 782 1065
needed
680
inform
680
mountain
683 758 972
mini
684
preimage
686
recent
687
n-th
688
tribonacci
688
m
691 864
times
691 1019
tic-tac-toe
692
state
692
weakest
693
excel
694 965
sheet
694 965
column
694 873 965
title
694
stacking
697
cuboids
697
they
698
belong
698
letter
700 828 993 994
tile
700
possibilities
700
calculate
705
money
705
leetcode
705
univalue
706
comments
707
reaching
709
p
710
serialize
711 755
deserialize
711 755
multiplicity
712
digit
713 1018 1056
operators
715 1058
toeplitz
716
peak
717
redundant
720 757
connection
720 757
process
724
machine
724
incompatibility
729
predict
730
dice
733 938
rolls
733
superstring
742
overlapping
744
origin
746 800
power
748 753 948
v
750 1074
four
753
waiting
756
richest
759
customer
759 803
wealth
759
bigram
760
fruit
761
baskets
761
trim
762
lr
763
surrounded
764
peeking
765
teemo
766
attacking
766
keyboard
767
article
769
views
769
uncrossed
772
lines
772
ransom
775
note
775
pascal's
776 999
k-sum
777
fraction
778 843
recurring
778
decimal
778
baseball
779
as
780 780 1007
far
780
land
780
-2
782
html
784
entity
784
x
785 916
kind
785
deck
785
latest
786 864
replacing
786
hidden
786
chunks
788 827
1-bit
789
2-bit
789
2-row
790
complement
791 1065
malware
792 1064
spread
792 1064
strange
797 892
printer
797 892
custom
798
operating
802
centennial
802
wheel
802
who
803 957 1019 1026
but
803
did
803
not
803
satisfiability
804
equality
804
equations
804
multilevel
807
doubly
807
throne
810
inheritance
810
songs
811
durations
811
60
811
moving
812 939
until
812 939
examinations
813
clone
815
parsing
817
boolean
817
monotone
819 884
5
820
distant
821
barcodes
821
great
824
vertical
826
sufficient
831
team
831
verify
837
serialization
837
?'s
839
avoid
839
capacity
845
ship
845
packages
845
d
845
altitude
846
chain
849
echo
850
frequent
853 1057
tenth
855
cat
856 1078
mouse
856 1078
decrease
857
solver
858
off
861
golf
861
event
861
tic
863
tac
863
toe
863
container
865
quality
866
percentage
866
frog
867
fewest
869
paint
871
×
871
adding
875
negabinary
875
exactly
876
comparisons
876
taking
877
exam
877
spent
878
lfu
881
squareful
882
escape
883 976
large
883 943
maze
883
decompress
885
run-length
885
encoded
885
hashmap
886
sign
889
complementary
890
another
895
reorganize
896
vertices
897
mutable
899
insertions
901
balance
901
course
902 923
gray
903
code
903
accounts
906
trie
907
(prefix
907
tree)
907
itinerary
908
fair
911
no-zero
912
verifying
915
alien
915
stamping
918
nice
920
getrandom
921 1083
o(1)
921 1083
allowed
921
invalid
927 998 1042
k-concatenation
928
concatenated
933 996
hashset
934
thousand
935
separator
935
counting
936
1-bordered
937
roll
938
simulation
938
half
940
solution
941
equation
941
bipartite?
942
statistics
943
sample
943
bulls
944
cows
944
pow(x,
946
n)
946
subtract
947
frogs
950
croaking
950
evaluate
951 974
division
951
insufficient
955
univalued
956
customers
957 1026
bought
957
crawler
960
folder
960
based
963
key-value
963
store
963
chunked
964
decomposition
964
regular
966
display
968
orders
968
covered
971
removals
972
vowel
973
spellchecker
973
polish
974
notation
974
ghosts
976
zeros
980
email
983
132
984
cheapest
986
flights
986
k-group
987
splitted
989
erasure
990
cherry
991
pickup
991
pancake
992
sorting
992
case
993 1069
chips
995
vii
997
tweets
998
visiting
1000
bag
1001
tokens
1001
year
1002
jumps
1004
home
1004
election
1005
assign
1006
cookies
1006
puzzle
1009 1021 1034
skiplist
1010
clumsy
1011
sub-folders
1012
filesystem
1012
sub-tree
1015
label
1015
front
1016
middle
1016
back
1016
non-increasing
1017
actors
1019
directors
1019
cooperated
1019
verbal
1021
temperatures
1023
initial
1024
energy
1024
tasks
1024
never
1026
o`one
1027
utf-8
1029
validation
1029
followers
1030
person
1033
fit
1033
rational
1037
town
1038
judge
1038
couples
1040
holding
1040
fibonacci
1041
whose
1041
available
1044
captures
1044
rook
1044
1's
1049
places
1049
away
1049
non-decreasing
1051 1080
powerful
1053
wraparound
1054
ranges
1055
express
1058
cooldown
1060
flower
1061
planting
1061
sets
1062
aaa
1063
bbb
1063
10
1065
step
1068 1068
contaminated
1070
atoms
1071
relative
1073
module
1081
straight
1084
deci-binary
1086
